PSNR : 11.044647595704406
MSE : 86.536625
NPCR : 0.74229375 %
UACI " 24.33
ENTROPY : 1.60260051287078 