PSNR : 13.533410201334261
MSE : 0.04432604467832883
NPCR : 0.651353125 %
UACI " 30.06
ENTROPY : 2.373859121421052 