PSNR : 10.983481280077951
MSE : 0.07973552755350508
NPCR : 1.062078125 %
UACI " 38.83
ENTROPY : 2.155762384358777 