PSNR : 27.195590219852033
MSE : 0.0019073964851969497
NPCR : 0.017581978189444777 %
UACI " 0.81
ENTROPY : 3.587307844583151 